33 11104
34 11106
35 11105
36 11107
37 11110
38 11111
39 11113
40 11112
41 11120
42 11122
43 11121
44 11123
45 11126
46 11128
47 11131
48 11133
49 11108
50 11109
51 11114
52 11116
53 11115
54 11117
55 11085
56 11168
57 11169
58 11170
59 11171
60 11172
61 11173
62 11174
63 11175
64 11152
65 11153
66 11154
67 11155
68 11136
69 11139
70 11134
71 11135
72 11140
73 11142
74 11141
75 11143
76 11151
77 11149
78 11150
79 11148
80 11118
81 11119
82 9099
83 8996
84 8963
85 8997
86 9141
87 9085
88 8682
89 11192
90 129184
91 129185
92 129186
93 129187
94 129188
95 129189
96 129190
97 129191
98 129192
99 129193
100 129194
101 129195
102 8592
103 8594
104 8593
105 8595
106 8598
107 8599
108 8601
109 8600
110 129112
111 129113
112 9650
113 9660
114 9651
115 9661
116 9668
117 9658
118 9665
119 9655
120 9699
121 9698
122 9700
123 9701
124 128896
125 128898
126 128897
128 128899
129 9650
130 9660
131 9664
132 9654
133 11164
134 11166
135 11165
136 11167
137 129040
138 129042
139 129041
140 129043
141 129044
142 129046
143 129045
144 129047
145 129048
146 129050
147 129049
148 129051
149 129052
150 129054
151 129053
152 129055
153 129024
154 129026
155 129025
156 129027
157 129028
158 129030
159 129029
160 129031
161 129032
162 129034
163 129033
164 129035
165 129056
166 129058
167 129060
168 129062
169 129064
170 129064
171 129066
172 129180
173 129181
174 129182
175 129183
176 129070
177 129072
178 129074
179 129076
180 129078
181 129080
182 129082
183 129081
184 129083
185 129176
186 129178
187 129177
188 129179
189 129084
190 129086
191 129085
192 129087
193 129088
194 129090
195 129089
196 129091
197 129092
198 129094
199 129093
200 129095
201 11176
202 11177
203 11178
204 11179
205 11180
206 11181
207 11182
208 11183
209 129120
210 129122
211 129121
212 129123
213 129124
214 129125
215 129127
216 129126
217 129136
218 129138
219 129137
220 129139
221 129140
222 129141
223 129143
224 129142
225 129152
226 129152
227 129153
228 129155
229 129156
230 129157
231 129159
232 129158
233 129168
234 129170
235 129169
236 129171
237 129172
238 129174
239 129173
240 129175