20 20
33 128394
34 128395
35 128396
36 128397
37 9988
38 9984
39 128382
40 128381
41 128453
42 128454
43 128455
44 128456
45 128457
46 128458
47 128459
48 128460
49 128461
50 128203
51 128465
52 128468
53 128437
54 128438
55 128439
56 128440
57 128429
58 128431
59 128433
60 128402
61 128403
62 128408
63 128409
64 128410
65 128411
66 128072
67 128073
68 128412
69 128413
70 128414
71 128415
72 128416
73 128417
74 128070
75 128071
76 128418
77 128419
78 128401
79 128500
80 10003
81 128501
82 9745
83 9746
84 9746
85 11198
86 11199
87 10680
88 10680
89 128625
90 128628
91 128626
92 128627
93 8253
94 128633
95 128634
96 128635
97 128614
98 128612
99 128613
100 128615
101 128602
102 128600
103 128601
104 128603
105 9450
106 9312
107 9313
108 9314
109 9315
110 9316
111 9317
112 9318
113 9319
114 9320
115 9321
116 9471
117 10102
118 10103
119 10104
120 10105
121 10106
122 10107
123 10108
124 10109
125 10110
126 10111
128 9737
129 127765
130 9789
131 9790
132 11839
133 10013
134 128327
135 128348
136 128349
137 128350
138 128351
139 128352
140 128353
141 128354
142 128355
143 128356
144 128357
145 128358
146 128359
147 128616
148 128617
149 8226
150 9679
151 9899
152 11044
153 128901
154 128902
155 128903
156 128904
157 128906
158 10687
159 9726
160 9632
161 9724
162 11035
163 11036
164 128913
165 128914
166 128915
167 128916
168 9635
169 128917
170 128918
171 128919
172 11049
173 11045
174 9670
175 9671
176 128922
177 9672
178 128923
179 128924
180 128925
181 11050
182 11047
183 10731
184 9674
185 128928
186 9686
187 9687
188 11210
189 11211
190 9724
191 11045
192 11039
193 11202
194 11043
195 11042
196 11203
197 11204
198 128929
199 128930
200 128931
201 128932
202 128933
203 128934
204 128935
205 128936
206 128937
207 128938
208 128939
209 128940
210 128941
211 128942
212 128943
213 128944
214 128945
215 128946
216 128947
217 128948
218 128949
219 128950
220 128951
221 128952
222 128953
223 128954
224 128955
225 128956
226 128957
227 128958
228 128959
229 128960
230 128962
231 128964
232 10022
233 128969
234 9733
235 10038
236 128971
237 10039
238 128975
239 128978
240 10041
241 128963
242 128967
243 10031
244 128973
245 128980
246 11212
247 11213
248 8251
249 8258