20 20
33 128393
34 9986
35 9985
36 128083
37 128365
38 128366
39 128367
40 128383
41 9990
42 128386
43 128387
44 128234
45 128235
46 128236
47 128237
48 128193
49 128194
50 128196
51 128463
52 128464
53 128452
54 8987
55 128430
56 128432
57 128434
58 128435
59 128436
60 128427
61 128428
62 9991
63 9997
64 128398
65 9996
66 128076
67 128077
68 128078
69 9756
70 9758
71 9757
72 9759
73 128400
74 9786
75 128528
76 9785
77 128163
78 9760
79 127987
80 127985
81 9992
82 9788
83 128167
84 10052
85 128326
86 10014
87 128328
88 10016
89 10017
90 9770
91 9775
92 2384
93 9784
94 9800
95 9801
96 9802
97 9803
98 9804
99 9805
100 9806
101 9807
102 9808
103 9809
104 9810
105 9811
106 128624
107 128629
108 9679
109 128318
110 9632
111 9633
112 128912
113 10065
114 10066
115 11047
116 10731
117 9670
118 10070
119 11045
120 8999
121 11193
122 8984
123 127989
124 127990
125 128630
126 128631
128 9450
129 9312
130 9313
131 9314
132 9315
133 9316
134 9317
135 9318
136 9319
137 9320
138 9321
139 9471
140 10102
141 10103
142 10104
143 10105
144 10106
145 10107
146 10108
147 10109
148 10110
149 10111
150 128610
151 128608
152 128609
153 128611
154 128606
155 128604
156 128605
157 128607
158 183
159 8226
160 9642
161 9898
162 128902
163 128904
164 9673
165 9678
166 128319
167 9642
168 9723
169 128962
170 10022
171 9733
172 10038
173 10036
174 10041
175 10037
176 11216
177 8982
178 10209
179 8977
180 11217
181 10026
182 10032
183 128336
184 128337
185 128338
186 128339
187 128340
188 128341
189 128342
190 128343
191 128344
192 128345
193 128346
194 128347
195 11184
196 11185
197 11186
198 11187
199 11188
200 11189
201 11190
202 11191
203 128618
204 128619
205 128597
206 128596
207 128599
208 128598
209 128592
210 128593
211 128594
212 128595
213 9003
214 8998
215 11160
216 11162
217 11161
218 11163
219 11144
220 11146
221 11145
222 11147
223 129128
224 129130
225 129129
226 129131
227 129132
228 129133
229 129135
230 129134
231 129144
232 129146
233 129145
234 129147
235 129148
236 129149
237 129151
238 129150
239 8678
240 8680
241 8679
242 8681
243 11012
244 8691
245 11008
246 11009
247 11011
248 11010
249 129196
250 129197
251 128502
252 10004
253 128503
254 128505